step,q5,m_t,m_id,px,py,pz,qx,qy,qz,qw
0,-1.39,f,0,0.1264860204060872,0.06302722947862413,0.9309374145507813,0.0,0.0,0.0,1
0,-1.39,f,1,0.0410544069925944,0.06301613176133898,0.9016931138780385,0.0,0.0,0.0,1
0,-1.39,f,2,0.0970081773546007,0.06303825047810872,0.8996079440646703,0.0,0.0,0.0,1
0,-1.39,f,3,0.09386080017089846,0.12908438347710505,0.9044896050347222,0.0,0.0,0.0,1
0,-1.39,m,112,0.12600590468426134,0.06302667983697388,0.9309887570750961,0.11534867829438962,0.6978909703901935,-0.697349394174853,0.11552791137875312
1,-1.2576190476190474,f,0,0.1264821724785699,0.06303359849717884,0.9309418823242186,0.0,0.0,0.0,1
1,-1.2576190476190474,f,1,0.041056124454074444,0.0630165225558811,0.9016793646918402,0.0,0.0,0.0,1
1,-1.2576190476190474,f,2,0.09700946892632378,0.06304454311794705,0.8996064073350698,0.0,0.0,0.0,1
1,-1.2576190476190474,f,3,0.09346020677354602,0.13076089070638017,0.9046230916341146,0.0,0.0,0.0,1
1,-1.2576190476190474,m,112,0.12600258652707366,0.0630335962823097,0.9309922095765459,0.11538680997021464,0.6979084971535029,-0.6973095743185462,0.11562426756319152
2,-1.1252380952380951,f,0,0.12648150004511297,0.06303113000289252,0.9309361598802649,0.0,0.0,0.0,1
2,-1.1252380952380951,f,1,0.04105683534041694,0.0630143930186396,0.9016682022758153,0.0,0.0,0.0,1
2,-1.1252380952380951,f,2,0.09701015372898268,0.06304234430064325,0.8995992179538893,0.0,0.0,0.0,1
2,-1.1252380952380951,f,3,0.09257224373195481,0.13361889747951344,0.9050316838803497,0.0,0.0,0.0,1
2,-1.1252380952380951,m,112,0.1260011890956334,0.06303044992563675,0.9309872548628827,0.11540900573142805,0.6979107248334436,-0.6973010019150718,0.11564036616501014
3,-0.9928571428571428,f,0,0.12648446489417034,0.06303163047458812,0.9309456667692764,0.0,0.0,0.0,1
3,-0.9928571428571428,f,1,0.04105784200585407,0.0630164403500764,0.9016846857485564,0.0,0.0,0.0,1
3,-0.9928571428571428,f,2,0.09701253575864045,0.06304290514406953,0.8996099734099019,0.0,0.0,0.0,1
3,-0.9928571428571428,f,3,0.09134873282391091,0.13640217623503312,0.9057088503630267,0.0,0.0,0.0,1
3,-0.9928571428571428,m,112,0.12600574835952447,0.06303097308411892,0.9309948419064892,0.11538324135238859,0.6979085914817685,-0.6973134616494133,0.11560381374964449
4,-0.8604761904761904,f,0,0.12648321567111548,0.06303046586778428,0.9309505506727435,0.0,0.0,0.0,1
4,-0.8604761904761904,f,1,0.04105901896158854,0.0630147585550944,0.9016814927842881,0.0,0.0,0.0,1
4,-0.8604761904761904,f,2,0.09701292232937282,0.06304122339884442,0.8996136759440102,0.0,0.0,0.0,1
4,-0.8604761904761904,f,3,0.08980304311116535,0.13902864651150176,0.9065956990559894,0.0,0.0,0.0,1
4,-0.8604761904761904,m,112,0.12600318130181754,0.06302963646090759,0.9310012256855866,0.11542321473836063,0.6978975090518083,-0.6973114179545726,0.11564313532988732
5,-0.728095238095238,f,0,0.12648659362792972,0.06303067389594186,0.9309492418077259,0.0,0.0,0.0,1
5,-0.728095238095238,f,1,0.04106277423434787,0.0630160163031684,0.9016811984592014,0.0,0.0,0.0,1
5,-0.728095238095238,f,2,0.09701847686767578,0.06304065941704645,0.8996102837456598,0.0,0.0,0.0,1
5,-0.728095238095238,f,3,0.08793678673638236,0.14145711229112415,0.9076957139756944,0.0,0.0,0.0,1
5,-0.728095238095238,m,112,0.1260075966971261,0.06303023926092653,0.9309993061922035,0.11543164487273676,0.6978731766221122,-0.6973356180254769,0.11563563700850563
6,-0.5957142857142856,f,0,0.1264852869669596,0.06303027623494466,0.9309440619574653,0.0,0.0,0.0,1
6,-0.5957142857142856,f,1,0.041063808271620005,0.06301500464545357,0.9016738281250001,0.0,0.0,0.0,1
6,-0.5957142857142856,f,2,0.09701920132107204,0.06303969065348307,0.8996067287868926,0.0,0.0,0.0,1
6,-0.5957142857142856,f,3,0.08578509250217016,0.14358333841959633,0.9088920206705732,0.0,0.0,0.0,1
6,-0.5957142857142856,m,112,0.1260068434111926,0.06303026183770628,0.9309958408900669,0.11544302195610393,0.6978638412560572,-0.6973403415303596,0.11565213280914736
7,-0.46333333333333326,f,0,0.12648235105431602,0.06303210482390029,0.9309493474545687,0.0,0.0,0.0,1
7,-0.46333333333333326,f,1,0.04106537843787152,0.06301477747378142,0.9016661244268,0.0,0.0,0.0,1
7,-0.46333333333333326,f,2,0.09701922590836234,0.0630401362543521,0.899606142790421,0.0,0.0,0.0,1
7,-0.46333333333333326,f,3,0.0834238339299741,0.14536620065440306,0.9101932373046877,0.0,0.0,0.0,1
7,-0.46333333333333326,m,112,0.12600386561179652,0.06303161021641325,0.9309996225785235,0.11548460859184073,0.6978499107215203,-0.6973385799129496,0.1157052818558715
8,-0.3309523809523809,f,0,0.126481812371148,0.06303393842909072,0.9309545396592881,0.0,0.0,0.0,1
8,-0.3309523809523809,f,1,0.04106380335489908,0.063016714392768,0.9016715793185764,0.0,0.0,0.0,1
8,-0.3309523809523809,f,2,0.09701930287679036,0.06304208331637912,0.8996126207139757,0.0,0.0,0.0,1
8,-0.3309523809523809,f,3,0.0809203869289822,0.14676846076117617,0.9115756673177079,0.0,0.0,0.0,1
8,-0.3309523809523809,m,112,0.12600274922896407,0.06303406003056737,0.9310058867785397,0.11548822803235217,0.697846639877284,-0.6973406216991586,0.11570909094000685
9,-0.19857142857142862,f,0,0.12648152465820311,0.06303085403442384,0.9309664157443577,0.0,0.0,0.0,1
9,-0.19857142857142862,f,1,0.041064652845594615,0.0630142009311252,0.9016785074869793,0.0,0.0,0.0,1
9,-0.19857142857142862,f,2,0.09702001207139754,0.06303916625976562,0.8996211140950521,0.0,0.0,0.0,1
9,-0.19857142857142862,f,3,0.07829197540283203,0.14778914455837672,0.9130767456054687,0.0,0.0,0.0,1
9,-0.19857142857142862,m,112,0.12600244794573104,0.06303090208403915,0.931015455596301,0.11550582303771145,0.6978419799404224,-0.6973399552792314,0.11572364774916037
10,-0.06619047619047613,f,0,0.12648456217447918,0.06302694846259224,0.930956601291233,0.0,0.0,0.0,1
10,-0.06619047619047613,f,1,0.04107123853895399,0.0630104032728407,0.9016641004774308,0.0,0.0,0.0,1
10,-0.06619047619047613,f,2,0.0970257603963216,0.06303536817762588,0.8996111423068578,0.0,0.0,0.0,1
10,-0.06619047619047613,f,3,0.07561756134033201,0.14840305243598093,0.914573646375868,0.0,0.0,0.0,1
10,-0.06619047619047613,m,112,0.12600657124422038,0.0630264851317114,0.9310055840939893,0.1155291581918354,0.6978453504053447,-0.6973282734924701,0.11575041906247399
11,0.06619047619047636,f,0,0.1264817608303494,0.0630307762145996,0.9309570475260417,0.0,0.0,0.0,1
11,0.06619047619047636,f,1,0.041068188222249336,0.06301313832600915,0.9016611477322051,0.0,0.0,0.0,1
11,0.06619047619047636,f,2,0.09702158779568144,0.06303902537027994,0.8996103135850697,0.0,0.0,0.0,1
11,0.06619047619047636,f,3,0.07295152706570093,0.14862148776584203,0.916006570095486,0.0,0.0,0.0,1
11,0.06619047619047636,m,112,0.12600204903738838,0.06303057028322802,0.931007354113521,0.11553186570544097,0.6978399646388407,-0.6973320870718237,0.11575721186835836
12,0.19857142857142862,f,0,0.12648037821451824,0.06303243933783637,0.9309684963650174,0.0,0.0,0.0,1
12,0.19857142857142862,f,1,0.04106628850301108,0.06301527633666991,0.9016689629448785,0.0,0.0,0.0,1
12,0.19857142857142862,f,2,0.09702151116265194,0.06304001380072699,0.8996203667534723,0.0,0.0,0.0,1
12,0.19857142857142862,f,3,0.070329881117079,0.14845780978732645,0.9173939575195315,0.0,0.0,0.0,1
12,0.19857142857142862,m,112,0.1260003006604253,0.06303217977407025,0.9310169067382814,0.11555268816300714,0.697832849763241,-0.6973328114543337,0.11577495462668738
13,0.3309523809523809,f,0,0.1264840628729926,0.06302874450683596,0.9309594984266495,0.0,0.0,0.0,1
13,0.3309523809523809,f,1,0.041064724053276914,0.06301141467624241,0.9016746568467882,0.0,0.0,0.0,1
13,0.3309523809523809,f,2,0.09702259199354385,0.06303745286729603,0.8996201239691839,0.0,0.0,0.0,1
13,0.3309523809523809,f,3,0.06827292327880857,0.14734877149793843,0.9176366441514754,0.0,0.0,0.0,1
13,0.3309523809523809,m,112,0.12600445977035832,0.06302912879476742,0.9310127438915017,0.1154936552270593,0.6978585308862827,-0.697325428726868,0.11572351931401989
14,0.4633333333333334,f,0,0.12647991875542533,0.06303376456366648,0.9309618421766493,0.0,0.0,0.0,1
14,0.4633333333333334,f,1,0.04106428654988607,0.06301583735148111,0.90166910671658,0.0,0.0,0.0,1
14,0.4633333333333334,f,2,0.09701878272162544,0.06304142083062064,0.8996153238932293,0.0,0.0,0.0,1
14,0.4633333333333334,f,3,0.06564481523301866,0.1467245663113064,0.9194351779513892,0.0,0.0,0.0,1
14,0.4633333333333334,m,112,0.12600018232695911,0.06303380872765366,0.9310125408561865,0.115517995797797,0.6978423782585259,-0.6973333218552211,0.1157490647206578
16,0.7280952380952381,f,0,0.12648304562038845,0.06303178609212239,0.9309514092339413,0.0,0.0,0.0,1
16,0.7280952380952381,f,1,0.041064196946885866,0.06301203655666776,0.901669761827257,0.0,0.0,0.0,1
16,0.7280952380952381,f,2,0.09701929626464842,0.0630386951022678,0.899608043077257,0.0,0.0,0.0,1
16,0.7280952380952381,f,3,0.060645070309109136,0.1445785444471571,0.9231757527669271,0.0,0.0,0.0,1
16,0.7280952380952381,m,112,0.12600402489487006,0.0630315181187221,0.9310009155273435,0.11546504527571283,0.6978472253880432,-0.6973444245968939,0.1157057769573943
17,0.8604761904761904,f,0,0.12648107611614726,0.063032388770062,0.9309475296683934,0.0,0.0,0.0,1
17,0.8604761904761904,f,1,0.04105980823350989,0.0630123405456543,0.9016668714440389,0.0,0.0,0.0,1
17,0.8604761904761904,f,2,0.09701399148028829,0.06303972932566766,0.8996058296535325,0.0,0.0,0.0,1
17,0.8604761904761904,f,3,0.05848516057885212,0.1429673375668733,0.924849419635275,0.0,0.0,0.0,1
17,0.8604761904761904,m,112,0.12600073538021167,0.06303156848829619,0.9309979023836096,0.11545829599007584,0.6978545213569926,-0.6973393787132132,0.11569891876997335
18,0.9928571428571427,f,0,0.12648533359103736,0.0630313179863824,0.9309434014214409,0.0,0.0,0.0,1
18,0.9928571428571427,f,1,0.041059854210747614,0.06301210327148438,0.9016804185655384,0.0,0.0,0.0,1
18,0.9928571428571427,f,2,0.09701398569742842,0.06303915998670791,0.8996077501085068,0.0,0.0,0.0,1
18,0.9928571428571427,f,3,0.056571194118923626,0.14112226765950517,0.9265762166341143,0.0,0.0,0.0,1
18,0.9928571428571427,m,112,0.1260056759581274,0.0630308494567871,0.9309942577128512,0.11539218152161637,0.6978712833793004,-0.697344253282921,0.1156343750426138
19,1.1252380952380954,f,0,0.1264834216647678,0.06303603346082896,0.9309433553059896,0.0,0.0,0.0,1
19,1.1252380952380954,f,1,0.041054644012451166,0.06301362211439343,0.9016923597547745,0.0,0.0,0.0,1
19,1.1252380952380954,f,2,0.09700797780354817,0.06304325146145291,0.899612486436632,0.0,0.0,0.0,1
19,1.1252380952380954,f,3,0.05485257890489367,0.13915160013834635,0.9282935356987846,0.0,0.0,0.0,1
19,1.1252380952380954,m,112,0.12600436588209504,0.06303558723294003,0.9309946525729434,0.11532630061851241,0.6978948573143173,-0.6973379131900436,0.1155960524742628
20,1.2576190476190476,f,0,0.1264840686798096,0.06303403491973877,0.9309392272949217,0.0,0.0,0.0,1
20,1.2576190476190476,f,1,0.0410520694732666,0.06301086444854735,0.9016973175048829,0.0,0.0,0.0,1
20,1.2576190476190476,f,2,0.09700621147155761,0.06304230537414551,0.899610760498047,0.0,0.0,0.0,1
20,1.2576190476190476,f,3,0.0532869047164917,0.1370809585571289,0.9302512695312501,0.0,0.0,0.0,1
20,1.2576190476190476,m,112,0.12600527954101565,0.06303327786192603,0.9309896115672834,0.11528409748979468,0.6979216593784578,-0.6973230627601378,0.11556591356972129
